6436792961
6277215096
1937076895
7085715869
1441486637
1256617658
6959316594
2034075935
1705363495
1911352233
5019251282
842860312
5915886716
7476319901
5821284324
1887634496
7305854174
6711903715
6846840114
6304019548
6379064879
6547304479
6806472989
5996182803
1495428224
6045933393
6591125701
1282139411
6074755567
1089802903
1127191549
1068317249
1875027073
1030061016
6288866887
1163291752
1295183543
1924591203
1976178792
1359518852
5041736376
914573928
5072679416
1613888136
1472944414
1250259841
1171406650
5113278869
1189955173
1429640358
1093787913
1215734151
1355082878
2086090298
1778418134
1288411794
5079284778
1624640391
1916795572
1971516282
994495101
1068896927
1160209150
1307285767
1442222966
1876120698
1323379089
1155220701
889413919
5082662301
2029255026
712737185
1267627600
2098872773
1661269440
1009271375
1079205301
1693089026
1039499470
1620255133
1232541830
1087758251
1505719047
1289129959
1195938559
1529005230
1274281547
1612840366
1904498290
910073043
1737974865
1761853951
1568293334
1798203851
1372794869
1437634515
1203243075
1726473894
810532815
1749812592
1797800204
1769667574
1265398833
1645942320
1866874488
1907210505
1756429765
1326548379
1593760925
713567236
1903975121
1181210375
1391046640
1397430203
1041872264
1937447059
1669242232
1228252491
1093658310
1870734102
1797354326
1851716027
1759053719
1732323103
1335169537
1782395512
1309601484
1646943757
1569395781
1278850954
1241209047
1299161847
1103509313
775258479
1413171086
1651169466
1547647714
1584512132
1122345466
1525679954
734321739
1053261681
1249390404
992859661
1458243372
836899962
891962754
1343148316
1498298636
1335956256
1418813679
1356297604
876840976
999595588
1323398169
939235525
1259600480
1224713592
1002905481
827963305
744760822
1146244818
1077420875
643307971
656839579
786793623
884442901
920642976
922065666
923133909
994030662
1053837723
1102388683
1279234131
1398241699
1453496542